0,0033e230.wav,4,19,0.167855903506279,2,0.20125988125801086,1.5990888504857995e-10,4.958738833270873e-10,176.05249355105224
1,00353774.wav,3,6,0.6122370362281799,13,0.25331607460975647,3.5790958396498974e-08,1.2246090017852028e-07,213.73425632371885
0,0033e230.wav,4,19,0.167855903506279,2,0.2013826072216034,1.598940159292096e-10,4.957688474193823e-10,176.05352897891623
1,00353774.wav,3,6,0.6122370362281799,13,0.2737542688846588,3.6265382228858095e-08,1.2432920731862779e-07,213.1693159392376
2,003da8e5.wav,1,25,0.7532237768173218,31,0.15157374739646912,8.052097736909969e-10,2.401664255306286e-09,212.91895318274834
3,0048fd00.wav,1,21,0.7989991307258606,4,0.1269928514957428,2.3714629190310057e-07,1.9911575297065076e-05,177.9767116732222
4,006f2f32.wav,1,23,0.814500093460083,33,0.22542235255241394,4.572377328561732e-09,1.407129315108762e-08,211.96873254767326
5,0091fc7f.wav,3,6,0.7202497124671936,39,0.33593353629112244,1.3820282509800105e-08,4.182812197335202e-08,232.046212908451
6,0097160c.wav,2,26,0.8434311151504517,10,0.15411719679832458,1.7662410739560435e-07,8.552300836550245e-07,200.1944597432308
7,00c934d7.wav,2,26,0.4407363533973694,39,0.35656821727752686,2.5705765581310652e-09,1.3725941678396072e-08,185.027870673052
8,00cb787c.wav,4,18,0.49323737621307373,30,0.3353123962879181,1.006337478038532e-09,5.475326292413582e-09,272.8025219216628
9,00d3bba3.wav,5,37,0.7981418967247009,40,0.12214072048664093,1.9653977879247434e-09,4.4135679898011686e-09,148.583940494993
10,00e2b4cd.wav,7,2,0.7318658828735352,26,0.1738308221101761,4.265605773440166e-10,1.1086091304335082e-09,173.79697250958603
11,00f88dc5.wav,4,19,0.21663714945316315,2,0.16568666696548462,1.3120435709570526e-10,4.957253168044445e-10,205.34074612743171
12,011a2185.wav,4,6,0.39752939343452454,14,0.20002834498882294,1.6326426092088966e-09,4.868014129009854e-09,290.8622602085378
13,01257aad.wav,5,31,0.22378011047840118,40,0.15222248435020447,8.697488452019387e-11,2.4326031218268286e-10,212.0015385660632
14,0160d55e.wav,4,20,0.5460793972015381,26,0.3447962701320648,5.952069711107939e-07,2.8978685371625175e-05,202.50006109188587
15,0172a2a5.wav,1,28,0.4136194586753845,19,0.2680720090866089,6.529890959665148e-10,2.3111291810150128e-09,259.11056911748085
16,018b1df6.wav,1,32,0.7231090068817139,23,0.3148879408836365,1.6060270279104713e-09,3.829970013154879e-09,247.66566381244618
17,019d2a2c.wav,2,2,0.38161030411720276,27,0.10135334730148315,2.2638968579628383e-08,1.1138706474777213e-07,244.4649449243968
18,01a59c11.wav,4,22,0.24528703093528748,30,0.14237651228904724,1.1133064043242244e-09,6.301664278966237e-09,187.72663472150342
19,01b9f44a.wav,2,37,0.8899701237678528,11,0.18900105357170105,8.186947128977812e-09,2.7203488984083638e-08,162.7632816660383
20,01c2f88b.wav,2,3,0.3843311071395874,6,0.24293740093708038,1.927382958891578e-08,7.299614944778422e-08,197.23208054222337
21,01d4dafd.wav,2,22,0.5649018287658691,27,0.3180049657821655,5.063293900641967e-08,2.0269271097848424e-07,233.99632146191988
22,01e723f5.wav,5,22,0.40583497285842896,26,0.15953242778778076,3.950328077491075e-09,1.2467826608045985e-08,187.7857016601592
23,01ee18fd.wav,1,28,0.720987856388092,31,0.13520489633083344,4.1842210388410496e-09,1.6470111433679784e-08,285.76463531108396
24,01f2e70b.wav,12,21,0.8550708293914795,39,0.1809917837381363,1.1499400759100754e-08,6.173723475087735e-06,216.16571707389167
25,01fc4661.wav,1,29,0.41569381952285767,38,0.20956750214099884,1.0234531566811442e-09,3.2388079115396523e-09,265.37601424694765
26,020eb9f6.wav,1,2,0.7224916219711304,25,0.1619352549314499,1.6807345979175854e-07,7.960622160875339e-07,232.1870439463596
27,022cc908.wav,1,25,0.798007607460022,5,0.1336994171142578,2.690781289080954e-10,5.176656005165907e-10,220.96775495615736
28,024a193f.wav,1,26,0.6792263984680176,2,0.22098992764949799,2.14657001951768e-08,8.14553650508822e-08,181.23566240911788
29,024c4c6d.wav,1,3,0.5949910283088684,37,0.22771155834197998,2.7851836143882124e-09,9.452536133309493e-09,255.66547455914406
30,024da466.wav,1,35,0.7663198113441467,31,0.18957620859146118,8.902481574511057e-09,4.264029452186598e-08,183.7363754541835
31,025f3fd2.wav,2,23,0.761070966720581,19,0.3442745804786682,1.1157580643455811e-07,3.8839279300824525e-07,212.81011683515584
32,025f7eac.wav,1,25,0.9330494403839111,37,0.1655963808298111,6.600557003744122e-09,1.9763354624807504e-08,204.4238526794774
33,027482e2.wav,6,14,0.8483147621154785,11,0.19168458878993988,1.678047275006384e-09,4.35777864203735e-09,300.2492120387106
34,027aa77c.wav,5,8,0.6117509603500366,30,0.1506817638874054,4.643864492751368e-09,1.3019924162417733e-08,269.1997774935321
35,027aee2a.wav,1,17,0.4907480776309967,3,0.19069832563400269,1.2610335598042536e-09,4.478272167000105e-09,220.2180815501919
36,027cd3fd.wav,1,27,0.8806930780410767,34,0.1122073158621788,3.317252335873873e-09,7.253469098887748e-09,186.86302229565052
37,029ee867.wav,1,21,0.5584917068481445,3,0.10888531059026718,1.899062731806054e-07,1.4334582109086459e-06,202.07259893761812
38,02a3243a.wav,5,37,0.6210037469863892,27,0.12435342371463776,1.2783967345624926e-10,2.9092683508095127e-10,225.92043659486282
39,02d367e4.wav,4,8,0.6084049344062805,27,0.15613630414009094,8.916324783860037e-09,2.539178607105119e-08,235.46505721776867
40,02d6b747.wav,2,10,0.39450326561927795,26,0.14531372487545013,6.378253712878967e-10,2.2547324643738374e-09,222.12178614592304
41,02e9392e.wav,1,35,0.7614249587059021,26,0.12984198331832886,2.9159656765427056e-09,8.853093207285153e-09,167.18054804429357
42,02eed858.wav,4,22,0.593170166015625,16,0.2066875696182251,1.2711872431242892e-07,6.451735052072651e-07,205.05620681536084
43,0356dec7.wav,4,0,0.5723679661750793,11,0.26631900668144226,1.117198272445524e-09,2.7819091642180453e-09,275.5292450050019
44,03a01285.wav,2,25,0.48630523681640625,16,0.29041069746017456,2.8755619894186153e-10,1.07872347313408e-09,300.405320574951
45,03b4aca1.wav,2,27,0.4922601878643036,35,0.4208066165447235,2.785948205134399e-08,1.0403923964929157e-07,210.92503482124485
46,03bb1c33.wav,3,19,0.28629785776138306,2,0.20564568042755127,7.067957978905713e-05,0.000279997306861075,133.15080757119287
47,03fc1f96.wav,1,3,0.3503812551498413,25,0.23043155670166016,2.952843309483358e-10,1.0089770303830307e-09,220.9795399081369
48,041396a9.wav,7,26,0.7845527529716492,6,0.2485157996416092,1.3399018459652655e-05,0.00021764423950635007,148.5596905878123
49,04186a03.wav,5,39,0.6070672273635864,18,0.20040354132652283,3.2569581742362295e-08,1.2520330188190417e-07,238.03661538390725
50,0446a487.wav,1,33,0.47859078645706177,39,0.3340674638748169,3.47931219492917e-10,8.180007475721685e-10,193.4339881218649
51,044be615.wav,1,39,0.8796007633209229,27,0.1851053684949875,1.2528499695251022e-08,6.29700282595626e-08,227.3604026061145
52,0496718e.wav,1,16,0.6569198966026306,34,0.26432183384895325,6.570238616092831e-09,4.043055589596265e-08,162.45050375233967
53,04a19a27.wav,2,40,0.3241211771965027,25,0.37286925315856934,1.3044512873753058e-10,4.456316625908956e-10,265.6892012573052
54,04a7003c.wav,2,25,0.39865487813949585,16,0.40293368697166443,3.2236350412963484e-09,1.777902357656326e-08,247.85842375352306
55,04ad9aa5.wav,1,25,0.8361652493476868,27,0.2006531059741974,6.518298518474414e-09,2.0391804198433054e-08,210.21233682760845
56,051138fc.wav,1,16,0.667919397354126,34,0.35041487216949463,9.302100224842767e-09,5.1530307236461934e-08,168.26468164301062
57,05149415.wav,1,25,0.8059258460998535,11,0.12433062493801117,6.606978789368956e-10,2.5104281704717716e-09,256.2891915282859
58,052789c8.wav,3,17,0.8459784984588623,13,0.15435416996479034,1.1638536781376484e-08,2.896234048058379e-08,291.89000398164
59,05561612.wav,3,6,0.4856061637401581,11,0.2782791256904602,2.205847908262587e-09,6.4944372511579376e-09,293.52387546648845
60,0556be76.wav,10,39,0.5919557213783264,5,0.14557117223739624,2.650538033437932e-08,7.324219409169877e-08,232.5163929642356
61,058b98f0.wav,6,37,0.2249097228050232,16,0.2164907455444336,3.6231259473432406e-10,9.541088205640307e-10,239.3123688333047
62,05bc162b.wav,1,21,0.34397393465042114,34,0.15496239066123962,1.9405736602244403e-08,5.452948390282285e-07,238.5193677511606
63,05d54a68.wav,3,38,0.600639283657074,11,0.23035426437854767,4.169285967756767e-09,1.6334312123352733e-08,183.19165702859056
64,05e4028a.wav,5,30,0.8840616941452026,27,0.24883338809013367,3.558023051747622e-07,1.0555867838775748e-06,151.5877407442317
65,05f2c2a6.wav,3,8,0.329549103975296,29,0.12565653026103973,3.2626356535959705e-10,1.0481188463786704e-09,310.0895440557913
66,060ba089.wav,1,16,0.6194774508476257,23,0.2343023717403412,1.1256094757347815e-08,5.998443726228034e-08,142.88088779288597
67,060e13d6.wav,3,38,0.8302515149116516,39,0.36402198672294617,6.93959299510385e-09,2.1005224434517824e-08,197.86046319327025
68,060fab76.wav,1,14,0.9235177040100098,37,0.15544050931930542,7.886302202529202e-10,1.7023694096613523e-09,299.2008720553388
69,06487815.wav,3,13,0.4690166413784027,39,0.23564839363098145,2.1502234416580174e-10,7.088977060374768e-10,244.18784398406274
70,06730f97.wav,2,38,0.8247199654579163,29,0.12042209506034851,5.3062531563951435e-09,1.4880314555429344e-08,207.6803563191983
71,06789937.wav,3,30,0.5866542458534241,38,0.25526294112205505,5.324459054765403e-10,2.219304839230838e-09,266.9950706022573
72,06959969.wav,1,35,0.8248900771141052,34,0.28605473041534424,4.766135708917152e-09,1.7839389985310887e-08,159.23566133753593
73,06b278f7.wav,2,22,0.6408401131629944,27,0.14811022579669952,1.8121859999319393e-08,6.059530761640645e-08,235.33453597892037
74,06b89bf9.wav,10,39,0.4568184018135071,32,0.23929496109485626,1.0749244465448688e-08,3.819955870697605e-08,263.419216366915
75,06b9dc31.wav,1,16,0.5360667109489441,40,0.24837131798267365,4.418477208231441e-10,1.678430522058159e-09,279.57110107108167
76,06c48eab.wav,3,23,0.21497203409671783,29,0.24004602432250977,8.430681345592578e-09,2.996258334089341e-08,182.97017397083752
77,06d0d6e4.wav,2,31,0.2740291357040405,2,0.15994615852832794,1.2651605782676664e-08,9.140621558963741e-08,162.2542407658695
78,06d2b52b.wav,2,11,0.46784231066703796,23,0.0741877555847168,1.7687540883355983e-07,6.247978281294733e-07,159.6326851231256
79,06ed75a7.wav,1,20,0.960377037525177,27,0.10066521912813187,2.192148856753723e-08,5.866161154581598e-08,206.77535124678414
80,06f60188.wav,3,30,0.36526909470558167,12,0.13729903101921082,2.8702605494310413e-09,8.21035691113308e-09,246.71403541070697
81,0716126b.wav,3,22,0.5809426307678223,4,0.32367804646492004,2.0186919747563454e-08,1.0203630052330322e-07,194.04976842014676
82,071efb95.wav,2,3,0.355566143989563,0,0.23057828843593597,1.6211867143164583e-08,6.223476165705806e-08,244.72681145742024
83,0720ef3b.wav,3,30,0.3913634717464447,37,0.17735160887241364,7.576483759933963e-10,4.549233721165444e-09,241.5596070671151
84,07211dfa.wav,5,38,0.8864911198616028,11,0.18895412981510162,7.553283662887914e-08,2.5012701669875703e-07,161.9458214180114
85,0738f99f.wav,1,29,0.8096804618835449,27,0.19360049068927765,3.5767121880537038e-09,1.0547779645875922e-08,189.67303597882977
86,074e2f09.wav,1,23,0.48026421666145325,35,0.18712091445922852,1.963230472885069e-09,1.1471910191321556e-08,189.9688104621035
87,07762f74.wav,4,36,0.22459526360034943,40,0.16472932696342468,5.318316811390086e-11,2.0608964662149936e-10,232.25441634110607
88,0779162e.wav,7,16,0.2888180911540985,37,0.11751264333724976,4.288102648091008e-08,2.9003250786904667e-05,180.83020833671947
89,0784c182.wav,1,25,0.7730148434638977,37,0.41255614161491394,1.1619498754577074e-09,3.5719232369124906e-09,205.7329237938447
90,078f7ac0.wav,2,23,0.639396607875824,13,0.33372312784194946,3.3005249936062086e-08,9.668461317244997e-08,205.7856235048829
91,079968f4.wav,3,8,0.7194430232048035,26,0.32194724678993225,3.001280540422733e-08,9.85617754693218e-08,256.39227730942264
92,07ce4408.wav,7,21,0.4486842453479767,16,0.24227453768253326,7.043124222674181e-07,8.06846723164836e-05,227.81344206979662
93,07f16007.wav,12,6,0.6632997393608093,0,0.15796947479248047,5.3780665789340995e-09,1.421449161714537e-08,315.9192276214995
94,080bffb7.wav,1,40,0.5578334927558899,34,0.17591698467731476,2.784684659481028e-09,1.3226646063642556e-08,186.1563236122127
95,081a3386.wav,2,15,0.20109723508358002,40,0.0985087901353836,4.272233076657905e-09,1.8052191555973342e-08,237.82776743160693
96,085652af.wav,3,29,0.6962568163871765,20,0.1718192845582962,2.6207600525113443e-09,5.693925430057658e-09,256.61532823972396
97,087f12b6.wav,1,11,0.5480077862739563,34,0.17492467164993286,7.531201252414701e-10,2.3711334913857123e-09,148.37422849630636
98,0886c767.wav,4,7,0.26876330375671387,2,0.33320391178131104,5.749196543143563e-10,2.2563636219874365e-09,192.74773604611968
99,08894340.wav,2,12,0.4683877229690552,3,0.26551124453544617,5.328989537164304e-09,1.7997438969916765e-08,304.87631543915325
100,088d3f95.wav,3,22,0.688174307346344,13,0.2475234866142273,9.525333305049461e-08,2.689396394757031e-07,181.5570497131614
101,08a68ba1.wav,1,0,0.8083162903785706,34,0.177838996052742,2.379474527752329e-09,1.3770884113761305e-08,245.90846423450958
102,08b54ed0.wav,1,4,0.9068326950073242,15,0.14826208353042603,6.363554658769332e-07,2.259652907164395e-06,199.4516779153233
103,08b88eb7.wav,3,39,0.47521543502807617,11,0.29559996724128723,1.7499082216389756e-09,6.762162400055531e-09,309.5612206366104
104,090e1d30.wav,1,11,0.9106727242469788,37,0.2678917944431305,7.343132195909569e-10,1.9165753509677663e-09,206.45584075192176
105,09158810.wav,1,35,0.8521436452865601,11,0.16952773928642273,2.388921169936205e-08,8.004134753141539e-08,219.82105335066748
106,0920512f.wav,1,36,0.9573711156845093,15,0.38717636466026306,1.0693527287465601e-06,6.5473064026119035e-06,167.33532147965192
107,0933c357.wav,1,21,0.22366438806056976,34,0.31210073828697205,1.1077857832092063e-07,2.137141488461033e-05,180.5509808166047
108,095138e2.wav,1,29,0.7787796854972839,38,0.48930850625038147,1.1323403231269582e-08,3.5288871829460105e-08,245.36273273519618
109,0958751e.wav,1,23,0.726137638092041,35,0.26815319061279297,2.0629193610301517e-08,1.2336009296651457e-07,210.4975601350125
110,097b5ab0.wav,2,25,0.47847479581832886,2,0.24747243523597717,9.68555020213596e-11,3.521676754280007e-10,276.78650802797586
111,0994e80c.wav,8,9,0.443742960691452,40,0.10347501188516617,2.502579019612425e-09,7.569220229098813e-09,317.55565676071103
112,099ce615.wav,1,34,0.7376629710197449,27,0.146911159157753,1.7066685985525543e-08,7.176079136062534e-08,248.6949381726511
113,09a1cfd7.wav,1,23,0.585996687412262,34,0.1926293671131134,3.092473546344122e-09,7.937323661820601e-09,173.4601244498146
114,09a585bf.wav,5,24,0.416891872882843,40,0.10407016426324844,6.107585232753886e-08,1.174587261851114e-05,175.924264185568
115,09a7dc35.wav,1,11,0.6461392045021057,37,0.17551705241203308,4.529426545431356e-10,1.2768740702298196e-09,157.58119454459717
116,09b8a126.wav,6,39,0.8214089274406433,2,0.1301969289779663,2.9329671559249926e-08,7.415573475686877e-08,209.68064771843845
117,09b901f8.wav,8,9,0.2896667718887329,2,0.20098605751991272,6.2731579054417475e-09,4.202860818345876e-08,259.76368348325093
118,09ea5276.wav,3,38,0.9407133460044861,4,0.2301112413406372,6.412254045222244e-08,2.073160406266989e-07,205.17866747409713
119,0a2a5c05.wav,1,4,0.9014047980308533,0,0.18682722747325897,1.9492976764564785e-06,1.1311581476921272e-05,191.855060762487
120,0a366772.wav,2,40,0.2803340554237366,27,0.1446949541568756,1.5236297399358223e-09,6.379485032662617e-09,182.91265109607107
121,0a484e9f.wav,3,40,0.5729334950447083,16,0.18225271999835968,9.210312907773867e-10,2.6872271500726806e-09,275.8122937570767
122,0a6bba04.wav,2,11,0.41504108905792236,2,0.12291126698255539,4.543299058857758e-10,1.2308071775975512e-09,181.13054796252894
123,0a6dbf2c.wav,2,16,0.3380589485168457,37,0.2753351628780365,6.038135913322853e-10,2.2218493129453447e-09,167.70383930221482
124,0a8ac55d.wav,1,35,0.777218222618103,37,0.1419340968132019,1.6787188085403958e-09,6.075076824604636e-09,120.11026318256677
125,0a925754.wav,3,37,0.2753392159938812,2,0.468112975358963,8.229606194172495e-11,2.56483528039278e-10,237.39983506575268
126,0aad0a16.wav,12,21,0.42620208859443665,39,0.41860541701316833,2.183304873786268e-06,8.951386130651021e-05,196.83274131098332
127,0aaed52b.wav,1,15,0.5260992646217346,27,0.1893482506275177,2.1835238627679955e-08,9.552602845303512e-08,207.31398526220875
128,0acba147.wav,1,9,0.6834257245063782,31,0.2581759989261627,4.99574647381776e-10,2.0067394451383893e-09,192.26357395664277
129,0ad0bf22.wav,6,30,0.8429444432258606,18,0.18126606941223145,9.2592135744217e-08,2.1812622880771612e-07,173.4360736104818
130,0ad666e3.wav,2,30,0.8843019008636475,37,0.11561015248298645,1.5463060779502955e-07,3.639769841234168e-07,237.0400436486479
131,0b05208c.wav,1,14,0.7128875255584717,37,0.14108353853225708,6.264501865436649e-09,1.911924095166479e-08,231.92561048077516
132,0b1f22c3.wav,1,30,0.6561110615730286,15,0.2760317921638489,4.860694568920965e-07,2.8281124217795703e-06,218.5582872621303
133,0b3c0588.wav,10,16,0.6034214496612549,37,0.17372217774391174,1.245158009412158e-10,2.95928066541019e-10,240.66196922865655
134,0b7044b0.wav,2,4,0.8458788394927979,13,0.2798599600791931,4.1398465378047976e-07,1.8802524334601174e-06,182.68343050594433
135,0b92a7e0.wav,3,7,0.39145317673683167,23,0.17194046080112457,5.220905687474423e-10,1.730136544477669e-09,264.0866211136114
136,0ba6976e.wav,1,8,0.941770076751709,27,0.10549391806125641,1.084471118558927e-08,4.3370366102639014e-08,204.742097408265
137,0ba927cd.wav,1,23,0.45098841190338135,35,0.2299434095621109,3.3520313911149326e-09,1.247773221375087e-08,154.08701857865904
138,0bab86ae.wav,4,39,0.6486946940422058,27,0.08752482384443283,2.883718216298946e-08,1.0743925471379651e-07,208.96097117952786
139,0bca94ec.wav,2,19,0.45579880475997925,16,0.17740166187286377,2.7480026022229745e-08,9.717848767422599e-06,197.37234903755734
140,0c0f796c.wav,6,27,0.8052229285240173,37,0.18405596911907196,1.2402560505799857e-09,3.1463301226252115e-09,180.01812964012342
141,0c27360a.wav,1,21,0.7082566022872925,13,0.08624424040317535,4.286845635648185e-07,5.7942079680993e-06,190.6163632633134
142,0c2f1a54.wav,2,16,0.43174198269844055,2,0.17976611852645874,4.714541274975311e-10,2.223782694307107e-09,168.69966215068018
143,0c3bdc12.wav,3,15,0.4059312045574188,21,0.10027685016393661,4.7673393886073356e-06,0.00029065239776336876,178.09608927664786
144,0c4f2a87.wav,3,29,0.6094474792480469,35,0.30754855275154114,2.1665755446740157e-09,7.4270868224932375e-09,286.5317648050439
145,0c547bc4.wav,1,39,0.6292721033096313,26,0.1950378566980362,6.538742522470882e-10,8.300206020415631e-08,218.55793418118998
146,0c67f402.wav,5,33,0.7909890413284302,11,0.12386006116867065,2.3088768144804446e-07,9.049470328696475e-07,199.00002356651953
147,0c6a3500.wav,6,5,0.6240155100822449,7,0.1615716516971588,3.1295415820891215e-09,7.400808209954063e-09,410.13278362207177
148,0c7ae294.wav,4,1,0.5314162969589233,27,0.23062166571617126,3.314187485601141e-07,1.4177299074054456e-06,186.70597199510115
149,0ca8b59b.wav,3,26,0.6417606472969055,40,0.13462214171886444,1.5391019296828093e-08,6.143710559546611e-08,165.8469251754113
150,0cdfa126.wav,2,26,0.39160531759262085,16,0.25318315625190735,3.4339988557873666e-07,2.72863936901004e-06,221.3908804428093
151,0d661b19.wav,3,37,0.5164055228233337,26,0.1546667218208313,6.183290635935019e-10,1.5102304733593934e-09,305.85432989201126
152,0d79765a.wav,5,2,0.47146862745285034,26,0.3133819103240967,3.12191893076235e-11,7.267084436022846e-11,352.90559927309346
153,0d804b40.wav,6,1,0.542572557926178,21,0.3463394343852997,4.437006340212868e-06,0.0002930343091241588,168.88905896189578
154,0d9f6c10.wav,2,4,0.4538610577583313,11,0.3449093699455261,7.416422681137825e-08,5.293823106693356e-07,245.94644957180395
155,0da0c554.wav,1,12,0.5122556686401367,39,0.09208015352487564,6.068970314767082e-10,1.4156604100501857e-09,246.5245448076306
156,0da527a6.wav,2,39,0.4884408116340637,18,0.1900540441274643,1.6475569180476449e-09,6.525202612221497e-09,238.01292010520854
157,0dbdffe2.wav,2,17,0.7191116809844971,13,0.2602705657482147,9.197124396507264e-09,3.563730087328892e-08,264.08485091224287
158,0dc26ae9.wav,5,26,0.5465244650840759,27,0.2065964639186859,2.388920214738022e-09,8.263033386509855e-09,296.353362405124
159,0ddb4bdf.wav,2,3,0.32505425810813904,34,0.07276413589715958,1.6342364499240304e-08,5.769968100324553e-08,211.0914295894348
160,0de99488.wav,1,28,0.2422727793455124,4,0.35337895154953003,1.640941575389175e-08,1.0782184965748072e-07,213.54214000975264
161,0e2ec031.wav,2,21,0.8918753266334534,40,0.34748372435569763,4.416020485414845e-08,1.5505228823377756e-07,288.7661718448566
162,0e4583d5.wav,3,32,0.22985313832759857,2,0.20810575783252716,8.989829406968867e-11,3.293179711564464e-10,264.83085005661997
163,0e5cab29.wav,1,36,0.5359892249107361,31,0.1233949363231659,1.0221214971000474e-08,6.078259730253382e-08,270.25166209837533
164,0e645225.wav,12,5,0.3933812379837036,13,0.26474496722221375,3.796140104616872e-08,1.4184915776211107e-07,252.51809604048913
165,0e6e1f35.wav,5,7,0.4918951988220215,18,0.10724709182977676,3.2279811061029853e-10,6.162194500027678e-10,248.89882968589606
166,0e979b8c.wav,1,11,0.9079112410545349,26,0.22945182025432587,1.5804527142558465e-09,3.750514795307956e-09,245.27682407921932
167,0ed06544.wav,2,23,0.7517931461334229,13,0.35955122113227844,2.7600244264774556e-08,7.991135262772804e-08,203.085068644955
168,0eeaebcb.wav,4,0,0.7135169506072998,18,0.07211100310087204,3.0485696197737224e-07,7.219241588004303e-07,299.5563989259071
169,0f23d7e4.wav,1,36,0.6744721531867981,27,0.19545961916446686,2.0956710673220658e-10,5.697231986391092e-10,271.6432917327883
170,0f2903db.wav,3,7,0.30248427391052246,2,0.4113636016845703,7.197511999755566e-11,3.066948276023473e-10,294.00514117477996
171,0f2ab678.wav,1,14,0.9234501123428345,27,0.18438634276390076,1.4473456776512684e-09,4.663877363803779e-09,251.45864975688139
172,0f36e49a.wav,2,11,0.4498293995857239,35,0.3331066966056824,4.917021073307684e-10,1.7918733946888472e-09,204.6032255755787
173,0fa61324.wav,2,18,0.4706295430660248,27,0.1927691102027893,3.776016991794899e-10,1.243225403900758e-09,254.87792250064211
174,0fafb777.wav,4,28,0.4232163429260254,25,0.240191251039505,2.0747225778443867e-09,7.786077104764148e-09,215.27605425679297
175,0fd52405.wav,1,4,0.8526249527931213,37,0.12121725082397461,4.7275521326756554e-07,1.7244673003361486e-06,195.43686836846152
176,0fe6c47d.wav,4,29,0.6485317349433899,34,0.09412801265716553,1.772927764451343e-09,3.75574934668749e-09,223.2962723024696
177,102db6b4.wav,2,18,0.22858762741088867,27,0.17793196439743042,8.652047420211145e-11,3.256891628343532e-10,284.09647083032206
178,103b9ed4.wav,1,29,0.8402139544487,34,0.18326173722743988,2.0519257918410902e-09,7.371745692982035e-09,199.37187758925117
179,103f29e5.wav,2,12,0.5500273704528809,2,0.24487090110778809,4.3513819511139054e-08,1.7875099903215777e-07,247.00360183181778
180,104f8672.wav,3,19,0.3097892701625824,2,0.2819605767726898,1.4717417073847435e-09,4.409041484499146e-09,314.44012342416335
181,10550a6f.wav,1,20,0.9100906848907471,2,0.08487213402986526,1.3479859143269994e-09,2.847326854635368e-09,263.3481627748045
182,105a8017.wav,1,35,0.8198860883712769,31,0.23393051326274872,3.171083350036212e-08,1.5964836327781455e-07,217.62415107559525
183,105f4e16.wav,1,16,0.6164127588272095,35,0.11540400236845016,6.0510992306240544e-09,2.2656665570556485e-08,167.29061757218105
184,10b0e98b.wav,4,40,0.3362164795398712,25,0.18626894056797028,5.994059837084583e-10,1.7629553728550122e-09,267.0904294475984
185,10da16fb.wav,2,0,0.45787864923477173,35,0.3936628997325897,2.142554927220188e-09,6.9850168071824355e-09,237.7022377754133
186,10e3e4eb.wav,1,37,0.9488617777824402,10,0.14501649141311646,2.6528650362639064e-08,1.3741890984091677e-07,195.3367182295808
187,1131892a.wav,4,37,0.8082269430160522,27,0.2298090010881424,1.7529172165995719e-10,5.868928775184692e-10,269.43112843872973
188,113c5e2f.wav,2,13,0.5423685312271118,34,0.1343333125114441,3.792242569126212e-08,1.3196560003572387e-05,198.03102972623446
189,11710c08.wav,3,35,0.5716215372085571,38,0.11522853374481201,3.115841383677353e-09,8.660610991684154e-09,227.0607853504784
190,1176bda6.wav,3,6,0.5372092127799988,40,0.14002449810504913,1.1859919321933913e-09,3.5010607719837783e-09,268.5992785028845
191,11798f57.wav,2,6,0.15930688381195068,25,0.18368278443813324,5.7415284537314126e-11,2.1732188811730234e-10,299.64113295360727
192,117e4577.wav,5,38,0.9241212010383606,25,0.16771447658538818,3.529056546819979e-08,9.977293393992729e-08,181.26777661481736
193,118413f9.wav,2,17,0.2543865740299225,34,0.16259755194187164,6.896890846814889e-09,4.595852772677331e-08,235.7239875466043
194,11a06e06.wav,3,4,0.5125630497932434,27,0.19751709699630737,3.805112821054213e-08,1.603737595323244e-07,203.51475206339705
195,11ab15ee.wav,1,31,0.6177487969398499,34,0.21136067807674408,1.7013025503772576e-07,4.321318926081698e-05,156.8821536450434
196,11c90896.wav,2,11,0.46449363231658936,8,0.30908486247062683,8.063175274426013e-08,2.98191574306537e-07,225.64401139619076
197,11d883c3.wav,5,9,0.22304797172546387,2,0.14044801890850067,6.758009775542542e-10,3.1238629773921858e-09,229.66918049860112
198,11e3ffde.wav,2,4,0.49326765537261963,11,0.3587872385978699,2.705676058091918e-07,1.7488421779112028e-06,217.94563260224652
199,11e63946.wav,1,26,0.9482489824295044,11,0.2340857833623886,2.6750383191927158e-08,9.58679398421845e-08,246.16188623244116
200,11f33ae4.wav,1,10,0.7585591077804565,15,0.23542894423007965,1.4446057113293893e-07,9.15822406651304e-07,212.53857348695402
201,11f7fc13.wav,4,8,0.7050559520721436,14,0.12474559992551804,5.634603833927468e-09,1.3479580183354301e-08,241.88279057795432
202,11fab0b0.wav,1,32,0.32642844319343567,31,0.142087921500206,4.415597055718357e-06,0.0004445016960175476,162.6619487820898
203,11fbd6c2.wav,1,35,0.6862488389015198,26,0.18393106758594513,1.8101942075047928e-09,6.4902856852648194e-09,159.56398935533412
204,1207a675.wav,1,13,0.6474338173866272,31,0.13552223145961761,2.7619143507434503e-09,1.0144975151298998e-08,208.25787052586247
205,120e0846.wav,5,2,0.8298627138137817,11,0.18156228959560394,4.667771621293871e-10,1.122456916085322e-09,298.27399052324233
206,12198b88.wav,1,3,0.5860289931297302,27,0.131979838013649,9.495187956512687e-09,4.1146712889239407e-08,265.7189539312737
207,121d766e.wav,2,29,0.4007769823074341,16,0.14641910791397095,2.462212856804961e-09,9.004306337156084e-09,317.7334674281476
208,1220471f.wav,4,18,0.4433411657810211,16,0.3302990794181824,3.6618304069737183e-09,1.1222771783490888e-08,228.80660034626075
209,125194b0.wav,1,4,0.8227315545082092,0,0.20076832175254822,1.2631518684497486e-06,8.362236891657477e-06,200.07261295787868
210,125e6ccf.wav,3,6,0.5752367377281189,39,0.3220120966434479,2.2422978397587403e-08,9.341197624425036e-08,263.3444254025557
211,129439fd.wav,14,5,0.4436414837837219,2,0.29584166407585144,9.142582663701904e-10,3.2248089111865526e-09,328.1973257636803
212,129dc328.wav,2,12,0.13899296522140503,20,0.1055353581905365,4.498971544682842e-10,4.91962227867114e-09,308.88474251296924
213,12a38093.wav,15,14,0.8067827820777893,5,0.1321282833814621,1.4456291533285458e-10,2.7114247293527956e-10,390.5211378202068
214,12d4ec7c.wav,3,38,0.616005003452301,11,0.37668636441230774,1.2256582451543963e-08,4.865141080996757e-08,254.6655316089911
215,13043bab.wav,6,17,0.19510841369628906,25,0.08313564211130142,6.176254254601817e-11,1.4879448861745684e-10,252.31546156288258
216,1304d545.wav,1,4,0.8068758249282837,7,0.09203419834375381,1.5050630590422654e-09,3.845742008521761e-09,245.69233646499146
217,1329c048.wav,1,13,0.558626651763916,2,0.23575349152088165,1.813348102289971e-09,6.839202113271919e-09,272.23981661461113
218,134df575.wav,5,7,0.6669599413871765,20,0.38965559005737305,3.5802710028679413e-10,9.084737375787772e-10,331.4655433545255
219,1356f987.wav,5,38,0.7190284729003906,11,0.4201030731201172,2.3111501658215898e-08,1.1477557975734724e-07,196.56338011697756
220,1374fcda.wav,5,18,0.2673921287059784,4,0.18820783495903015,2.6278613499749903e-09,8.563184723293224e-09,257.8931630046947
221,13798190.wav,6,37,0.8758040070533752,5,0.09511149674654007,4.654131827109995e-08,1.1484455843780729e-07,226.16691280962755
222,13903b82.wav,6,27,0.9450425505638123,2,0.18654756247997284,1.2740230516919918e-08,2.5152628223076957e-08,228.30060757048216
223,139c42cb.wav,6,18,0.5077157020568848,30,0.31464889645576477,8.766584558236849e-10,4.8832312449227115e-09,268.45696220791194
224,13ac472f.wav,13,40,0.8918785452842712,32,0.2150346338748932,2.5809557664473504e-09,5.3209483253249056e-09,297.29709247530303
225,13da16ae.wav,3,12,0.5758464932441711,14,0.09413343667984009,1.49259262896282e-08,4.2071562452673294e-08,276.7579595952115
226,14041f9a.wav,1,0,0.24705341458320618,27,0.2709696590900421,1.6475117123711507e-09,1.458993063656718e-08,216.4646291891026
227,1415b8b9.wav,5,20,0.6672998070716858,11,0.2949826419353485,1.8328826437279237e-09,7.099656752549261e-09,258.6626530933972
228,142dac40.wav,4,19,0.19178874790668488,2,0.1548275202512741,1.7782137288163655e-10,1.1344380421923854e-09,165.76650552436422
229,14303ca5.wav,3,0,0.36426421999931335,14,0.34030115604400635,2.796214427975156e-10,1.016944174791348e-09,345.06897902232356
230,143f37eb.wav,1,35,0.9313099980354309,0,0.12629248201847076,2.3582679324135574e-08,1.0264988874309564e-07,158.70142936249832
231,14684ee8.wav,2,38,0.5277904272079468,34,0.1580067276954651,1.210784860419184e-07,4.850758057575824e-07,203.48005840796372
232,14ef39a2.wav,9,27,0.179403156042099,39,0.11159542202949524,6.063357054269423e-11,3.9854655145532655e-10,192.91201722958374
233,155b4487.wav,1,24,0.3900732100009918,40,0.3462319076061249,1.3754874634730384e-09,3.6061080689367205e-09,283.70140572637035
234,159ea1c3.wav,1,36,0.30013927817344666,15,0.20448826253414154,2.6385010057420733e-10,8.514195459228587e-10,270.9157405863252
235,15aebea5.wav,1,32,0.3476659953594208,27,0.1998973786830902,1.0793476364096677e-09,3.5459256707664555e-09,220.22849104219017
236,15b439e3.wav,4,36,0.3260192275047302,23,0.2366037368774414,8.022941944444013e-11,3.0180089982870347e-10,266.3657169172088
237,15b4b254.wav,2,19,0.44040706753730774,13,0.3007168769836426,4.831166784411052e-10,1.5919705244589546e-09,234.5282659468626
238,15ba13c4.wav,8,0,0.349122554063797,35,0.21040652692317963,1.5762386898921111e-09,5.109953176427892e-09,279.9674833974642
239,15f7e867.wav,1,3,0.5185465216636658,0,0.09746342897415161,1.0025919981503865e-08,5.1534085541668405e-08,247.0813938887902
240,160c92d7.wav,2,0,0.4430244565010071,25,0.3196055591106415,6.8910746359509404e-09,2.1403375342077095e-08,220.51127972350668
241,162276f0.wav,2,8,0.32972219586372375,37,0.22631239891052246,1.3801558448910545e-10,5.057735830155302e-10,276.80088665013335
242,1648effc.wav,14,14,0.49571922421455383,16,0.19846005737781525,9.484602338885763e-11,2.2473163045718426e-10,277.69650734436345
243,164fc190.wav,1,13,0.449527382850647,25,0.25743696093559265,4.600362662679262e-08,2.2235631448819343e-07,239.350334849283
244,16568e3d.wav,2,19,0.392129510641098,2,0.22791454195976257,2.4739720509155664e-10,6.158086006895976e-10,234.29788018943245
245,167a4cd4.wav,7,31,0.26628661155700684,37,0.11011050641536713,3.4714150534518266e-10,1.3940208473355846e-09,143.72368480694513
246,16854911.wav,6,7,0.2915167510509491,20,0.210384801030159,3.965105008175386e-10,1.8083313420324794e-09,251.19119256312004
247,16c8384b.wav,14,5,0.5660998225212097,2,0.12842783331871033,1.5340291604207677e-08,4.4753055278380314e-08,286.16811593266874
248,16d8450e.wav,5,7,0.47691845893859863,16,0.12936820089817047,8.153517085088332e-10,2.2379677534008493e-09,280.4361813175705
249,16e4d91a.wav,1,2,0.6842932105064392,27,0.4537925124168396,2.8221762957005575e-09,1.1736786320518153e-08,246.42023957626137
250,16f26de0.wav,2,14,0.8812724947929382,0,0.11113020777702332,8.02935118536218e-10,6.480820437427123e-09,277.9559153460302
251,170950ce.wav,1,13,0.6718083620071411,34,0.2406584620475769,3.057647730442108e-08,1.3203565443017727e-07,210.00856430429675
252,170eeda2.wav,4,1,0.6121246814727783,3,0.23525705933570862,4.2134464092236436e-08,1.7322363236720345e-07,163.6704180104598
253,1719d5f5.wav,1,15,0.5204141736030579,31,0.1229526698589325,8.307913835339625e-07,4.4029461273187576e-05,209.9325168130088
254,172e4f11.wav,2,11,0.43543076515197754,16,0.08045003563165665,1.5501919550275253e-07,5.819932082324086e-07,178.32168638233645
255,17429629.wav,3,22,0.4051150977611542,27,0.12823159992694855,3.448271153171777e-08,1.9671902935115707e-07,216.8147085982859
256,1760ba6f.wav,1,27,0.8955020308494568,16,0.1408548355102539,2.3549583626728418e-08,7.996281235247139e-08,218.25760136223906
257,176cd35e.wav,7,7,0.6052066683769226,37,0.17081348598003387,5.160769232613459e-10,1.3837253004984238e-09,260.0976893204759
258,17d5e08b.wav,1,20,0.9826349020004272,11,0.14554059505462646,5.9403399752855355e-08,1.423019471820607e-07,240.0600255201331
259,17fe000f.wav,1,40,0.5523809790611267,26,0.5019019246101379,1.6183960723636508e-09,5.700540687247561e-09,185.6394110385619
260,18267e3e.wav,5,18,0.20247164368629456,2,0.18336403369903564,1.0819244848788744e-09,8.711229907843452e-09,265.07968619791365
261,182d509a.wav,1,10,0.38573357462882996,26,0.1616436243057251,6.004745902930501e-10,1.802955240360915e-09,236.06282623098673
262,18479aa7.wav,11,7,0.759948194026947,19,0.12189047783613205,9.345491437942009e-10,1.883451591333581e-09,245.16666987272455
263,18683b52.wav,3,2,0.7700977325439453,27,0.12548236548900604,2.5841859040933332e-08,3.258670045422156e-07,212.50994492647794
264,18829f93.wav,1,10,0.8056617379188538,27,0.1858735829591751,9.722076424774897e-08,4.0416944204418297e-07,244.27848985125874
265,18838b94.wav,1,15,0.8453365564346313,36,0.12382008880376816,2.439100381180852e-06,9.435492320982377e-05,186.60883486732894
266,188b88ed.wav,1,28,0.3880942761898041,25,0.1483912169933319,3.2852461522137674e-06,0.00024237603010301753,188.31104003464088
267,189c2ac2.wav,1,12,0.5985514521598816,27,0.23068827390670776,4.994382634073342e-10,1.4477864721441767e-09,225.64653667274945
268,18a7f8c5.wav,4,31,0.3091520071029663,36,0.21228469908237457,4.818342355609484e-10,2.907926604180337e-09,256.5450761816911
269,18ab257b.wav,4,2,0.6689013838768005,18,0.09671011567115784,7.610159323293057e-10,1.8878283302964072e-09,279.99946385795783
270,18c0fa51.wav,1,2,0.6456957459449768,25,0.17446818947792053,2.1231761039377857e-07,1.3424262278340778e-06,209.32686183695512
271,18ee96a7.wav,2,36,0.48632121086120605,23,0.3468622863292694,5.175423211157528e-10,3.3738752674283577e-09,318.822380773307
272,18f825ef.wav,2,20,0.5001435279846191,0,0.18080808222293854,1.305602799543719e-07,3.730074466011371e-07,277.7771939630181
273,1907767f.wav,1,40,0.397470623254776,3,0.2006465047597885,5.220013846387545e-10,2.2720458986021373e-09,210.36940612541176
274,19105b8a.wav,3,8,0.5518156886100769,27,0.16986562311649323,2.6513636024036352e-09,6.448383991480032e-09,279.912368409457
275,197fe6b5.wav,2,24,0.19209341704845428,34,0.1047663688659668,1.4833813957849977e-08,1.1676694385703059e-07,202.27097608920866
276,19893aa8.wav,2,12,0.27494561672210693,28,0.12715841829776764,2.9494161986046745e-10,1.8504288344336632e-09,296.259881841761
277,19974149.wav,4,22,0.6653223633766174,37,0.13398505747318268,1.2440223210649091e-07,4.749633881576802e-07,227.84067676068187
278,1a15e4f1.wav,2,15,0.3197212815284729,27,0.15429212152957916,1.6806363210384747e-10,6.85759757452631e-10,338.03991458739097
279,1a8b216e.wav,1,20,0.9471384286880493,27,0.2916882336139679,1.6039315986215495e-08,6.060889303044294e-08,270.00533323499775
280,1b17feba.wav,4,13,0.1676052063703537,40,0.11015833914279938,3.469812185882737e-11,1.321455209162281e-10,323.1408400796182
281,1b643c7f.wav,15,5,0.7004178762435913,28,0.25768405199050903,2.6285686352106767e-09,5.547974989846304e-09,297.59568243802966
282,1b813314.wav,1,20,0.5490730404853821,16,0.24328866600990295,3.0051111590310733e-09,1.289732221669995e-08,208.6402229566317
283,1bbdae38.wav,6,20,0.6423056125640869,11,0.17192822694778442,7.699008751639798e-09,9.195758160007371e-08,265.4144725343243
284,1bc8eae1.wav,4,33,0.4427735209465027,26,0.13228699564933777,4.3332460142592605e-07,3.094876339559584e-06,228.8751778859994
285,1bcb3c6f.wav,4,14,0.4271976351737976,2,0.20134462416172028,3.8571320476620615e-10,1.1133310086386397e-09,228.1779266773247
286,1c3b61c8.wav,14,5,0.30119267106056213,18,0.27152565121650696,4.1009606285691046e-08,1.4404187957036046e-07,208.22590446045157
287,1c3d00bf.wav,5,14,0.41357940435409546,2,0.34661462903022766,8.367242106032073e-11,3.1535663438544786e-10,239.97723458024592
288,1c8943c0.wav,1,28,0.6038453578948975,25,0.27815645933151245,8.294547141268642e-09,6.750448117002468e-08,236.53505718075456
289,1e0c7af2.wav,3,33,0.6989207863807678,32,0.3484594523906708,5.1342141659593436e-08,1.951737218617233e-07,188.04819951124222
290,1e15cc3b.wav,4,34,0.4495680630207062,2,0.15395379066467285,9.540657609499816e-09,6.68513233447664e-08,250.45774155459617
291,1e275fbc.wav,1,9,0.3773651123046875,38,0.2877733111381531,8.705332173754918e-09,5.2537463506570166e-08,200.11333500000976
292,1e3391d5.wav,3,33,0.7061836123466492,3,0.22402435541152954,2.0254685891377441e-07,7.348139200999995e-07,180.12107391947688
293,1f44f184.wav,2,34,0.5101277232170105,27,0.18307064473628998,7.689881315232756e-08,1.672030148351682e-07,139.22468155542933
294,1ff0766e.wav,2,34,0.23948881030082703,21,0.11419010907411575,1.45336377993664e-07,1.5182146993838137e-06,230.48877835448388
295,2013a12f.wav,1,33,0.6563085913658142,39,0.2306027114391327,2.492140789484303e-10,7.433883635083004e-10,296.29690085994633
296,20792ffd.wav,3,32,0.2732185125350952,23,0.19232451915740967,5.362969831044175e-07,6.239092226845363e-05,205.95204050834414
297,20890d27.wav,3,10,0.36425575613975525,2,0.1392647922039032,8.60617563904741e-11,2.1399830303665927e-10,228.52130831322566
298,208ddbdd.wav,5,5,0.5197226405143738,21,0.10976536571979523,3.783800191107288e-07,2.1766959738637584e-06,193.44960616267994
299,2097b6c7.wav,2,36,0.36876311898231506,16,0.14327269792556763,3.3371576875718255e-07,5.385100658678489e-05,253.29081260601072
300,20e4c84a.wav,1,24,0.20330195128917694,31,0.20737524330615997,1.6264420235749538e-09,5.328394775927667e-09,182.27696405407184
301,21e43f5b.wav,5,1,0.5147668719291687,18,0.20027796924114227,2.1352418363686995e-08,7.623997836938666e-08,168.77452291321038
302,229be2be.wav,3,33,0.6863844990730286,13,0.22964197397232056,3.6359012210158426e-09,1.2608584977467667e-08,168.44807325741465
303,22e1c02c.wav,1,33,0.8432500958442688,27,0.11477059870958328,1.0044485693977612e-09,2.002125479330075e-09,174.71514603935927
304,236648d4.wav,1,34,0.6451917290687561,23,0.23906032741069794,4.241147042095865e-08,2.9140597641860903e-07,206.0343495205885
305,23e8ac90.wav,6,31,0.5408385396003723,40,0.22419393062591553,3.8631202897234697e-10,9.872260462205496e-10,303.03096011863903
306,24dfdfa5.wav,2,34,0.2741774916648865,27,0.19041010737419128,3.633668520925709e-10,1.5496071096314256e-09,251.11694616454122
307,266a279f.wav,4,10,0.375751256942749,4,0.22865310311317444,6.599456776878278e-10,2.1327480675453767e-09,205.69623162959064
308,26f2aaee.wav,4,24,0.14966443181037903,31,0.12617318332195282,7.590967419086862e-11,2.503865436666902e-10,267.08724077696513
309,272be2e3.wav,13,1,0.7751139998435974,21,0.3788994550704956,2.770821933460942e-07,1.4625640235303206e-06,173.89547070008487
310,27a962c5.wav,2,27,0.9657344818115234,29,0.12454280257225037,6.682443412096704e-08,1.625362369174202e-07,225.06122352603472
311,283671c1.wav,1,31,0.8106297850608826,4,0.14636015892028809,1.20906322267834e-08,5.94931399478573e-08,224.47260726192522
312,285a1825.wav,1,31,0.626097559928894,16,0.1539965122938156,2.602124261435465e-09,1.1672038299440946e-08,173.8789848235544
313,28c13a63.wav,1,10,0.8153057098388672,34,0.2641216218471527,1.4932550450758012e-07,6.238832985121226e-07,204.40172970795254
314,28d634e9.wav,6,1,0.7063581943511963,11,0.30276843905448914,3.756953848110535e-07,1.5701472556545386e-06,159.97985045712647
315,2924977b.wav,3,9,0.2663283348083496,32,0.23127953708171844,3.797329700704065e-05,0.0014146054447238046,189.83254827446459
316,29de4510.wav,8,9,0.44808852672576904,37,0.07684113830327988,2.752310326896476e-09,8.313361164045145e-09,277.42435399209876
317,2a1540b1.wav,3,27,0.3247709274291992,11,0.36232057213783264,1.5189259282098345e-08,2.2709519587099804e-06,214.1086624118634
318,2c1af1c2.wav,1,27,0.9407246112823486,25,0.16451570391654968,4.005330642647954e-09,1.5796619552749425e-08,221.87208197066386
319,2e7a4dc2.wav,7,10,0.392867773771286,6,0.19608034193515778,5.066773762913003e-10,1.7378062303736097e-09,212.29686399899578
320,2ed7a267.wav,1,3,0.46004894375801086,2,0.11050106585025787,1.967503532956687e-08,1.5011715469097146e-07,247.68035888270785
321,2ee73a9d.wav,6,1,0.8392671942710876,19,0.18550580739974976,1.6764837821147617e-06,4.914973666371267e-06,154.27080485357516
322,31102711.wav,2,1,0.5853938460350037,16,0.24153271317481995,5.340481076233888e-08,1.6079593672741113e-07,151.96248174934252
323,33cdfcbc.wav,1,3,0.7988715171813965,27,0.17839691042900085,3.7068202831863106e-08,1.2909917474111416e-07,247.87400415983376
